36 41
3.000000
char: i
test 13.000000, 4.000000, 0.822483, 0.000000, 
test 0.822483, 0.463415, 3.000000, 4.000000, 
test 13.000000, 23.000000, 0.822483, 0.463415, 
test 0.820312, 0.463415, 3.000000, 4.000000, 
test 0.000000, 0.000000, 0.000000, 0.000000, 
test 0.000000, 0.000000, 0.000000, 0.000000, 
15.000000
char: m
test 28.000000, 9.000000, 0.854384, 0.000000, 
test 0.854384, 0.341463, 15.000000, 9.000000, 
test 28.000000, 23.000000, 0.854384, 0.341463, 
test 0.851562, 0.341463, 15.000000, 9.000000, 
test -0.099581, 0.000000, -0.099389, 0.000000, 
test -0.099580, 0.000000, 0.000000, 0.000000, 
28.000000
char:  
test 28.000000, 23.000000, 0.250000, 0.000000, 
test 0.250000, 0.000000, 28.000000, 23.000000, 
test 28.000000, 23.000000, 0.250000, 0.000000, 
test 0.250000, 0.000000, 28.000000, 23.000000, 
test 0.000000, 0.000000, 0.000000, 0.000000, 
test 0.000000, 0.000000, -0.098841, 0.000000, 
43.000000
char: a
test 56.000000, 9.000000, 0.760634, 0.000000, 
test 0.760634, 0.341463, 43.000000, 9.000000, 
test 56.000000, 23.000000, 0.760634, 0.341463, 
test 0.757812, 0.341463, 43.000000, 9.000000, 
test 0.000000, 0.000000, -0.000000, 0.000000, 
test 0.000000, 0.000000, 0.000000, 0.000000, 
56.000000
char:  
test 56.000000, 23.000000, 0.250000, 0.000000, 
test 0.250000, 0.000000, 56.000000, 23.000000, 
test 56.000000, 23.000000, 0.250000, 0.000000, 
test 0.250000, 0.000000, 56.000000, 23.000000, 
test 0.000000, 0.000000, -0.099373, 0.000000, 
test 0.000000, 0.000000, -0.099378, 0.000000, 
71.000000
char: d
test 83.000000, 4.000000, 0.783854, 0.000000, 
test 0.783854, 0.463415, 71.000000, 4.000000, 
test 83.000000, 23.000000, 0.783854, 0.463415, 
test 0.781250, 0.463415, 71.000000, 4.000000, 
test 0.000000, 0.000000, 0.000000, 0.000000, 
test 0.000000, 0.000000, -0.099599, 0.000000, 
85.000000
char: o
test 97.000000, 9.000000, 0.869792, 0.000000, 
test 0.869792, 0.341463, 85.000000, 9.000000, 
test 97.000000, 23.000000, 0.869792, 0.341463, 
test 0.867188, 0.341463, 85.000000, 9.000000, 
test -0.000000, 0.000000, -0.099374, 0.000000, 
test -0.099429, 0.000000, -0.099103, 0.000000, 
99.000000
char: g
test 111.000000, 9.000000, 0.807292, 0.000000, 
test 0.807292, 0.463415, 99.000000, 9.000000, 
test 111.000000, 28.000000, 0.807292, 0.463415, 
test 0.804688, 0.463415, 99.000000, 9.000000, 
test 0.000000, 0.000000, 0.000000, 0.000000, 
test 0.000000, 0.000000, 0.000000, 0.000000, 
112.000000
char:  
test 112.000000, 23.000000, 0.250000, 0.000000, 
test 0.250000, 0.000000, 112.000000, 23.000000, 
test 112.000000, 23.000000, 0.250000, 0.000000, 
test 0.250000, 0.000000, 112.000000, 23.000000, 
test 0.000000, 0.000000, 0.000000, 0.000000, 
test 0.000000, 0.000000, -0.098393, 0.000000, 
128.000000
char: b
test 140.000000, 4.000000, 0.768229, 0.000000, 
test 0.768229, 0.463415, 128.000000, 4.000000, 
test 140.000000, 23.000000, 0.768229, 0.463415, 
test 0.765625, 0.463415, 128.000000, 4.000000, 
test -0.098841, 0.000000, 0.000000, 0.000000, 
test -0.099428, 0.000000, -0.000000, 0.000000, 
141.000000
char: a
test 154.000000, 9.000000, 0.760634, 0.000000, 
test 0.760634, 0.341463, 141.000000, 9.000000, 
test 154.000000, 23.000000, 0.760634, 0.341463, 
test 0.757812, 0.341463, 141.000000, 9.000000, 
test 0.000000, 0.000000, 0.000000, 0.000000, 
test 0.000000, 0.000000, 0.000000, 0.000000, 
157.000000
char: r
test 167.000000, 9.000000, 0.892795, 0.000000, 
test 0.892795, 0.341463, 157.000000, 9.000000, 
test 167.000000, 23.000000, 0.892795, 0.341463, 
test 0.890625, 0.341463, 157.000000, 9.000000, 
test -0.099385, 0.000000, -0.099382, 0.000000, 
test -0.099374, 0.000000, -0.000000, 0.000000, 
170.000000
char: k
test 182.000000, 4.000000, 0.838542, 0.000000, 
test 0.838542, 0.463415, 170.000000, 4.000000, 
test 182.000000, 23.000000, 0.838542, 0.463415, 
test 0.835938, 0.463415, 170.000000, 4.000000, 
test 0.000000, 0.000000, 0.000000, 0.000000, 
test -0.000000, 0.000000, 0.000000, 0.000000, 
